 1        1  (78)      1 :  0.9864 0.0078 0.0058 
 2        2  (64)      1 :  0.9892 0.0062 0.0046 
 3        3  (64)      1 :  0.9814 0.0108 0.0078 
 4        4  (57)      1 :  0.9830 0.0098 0.0072 
 5        5  (78)      1 :  0.9864 0.0078 0.0058 
 6        6  (71)      1 :  0.9880 0.0068 0.0052 
 7        7  (57)      1 :  0.9904 0.0054 0.0042 
 8        8  (78)      1 :  0.9858 0.0078 0.0064 
 9        9  (50)      1 :  0.9902 0.0054 0.0044 
10       10  (50)      1 :  0.9874 0.0070 0.0056 
11       11  (50)      1 :  0.9872 0.0070 0.0058 
12       12  (50)      1 :  0.9930 0.0020 0.0050 
13       13  (35)      1 :  0.9952 0.0014 0.0034 
14       14  (57)      1 :  0.9922 0.0022 0.0056 
15       15  (71)      1 :  0.9816 0.0046 0.0138 
16       16  (71)      1 :  0.9924 0.0022 0.0054 
17       17  (50)      1 :  0.9934 0.0018 0.0048 
18       18  (50)      1 :  0.9896 0.0024 0.0080 
19       19  (85)      1 :  0.9868 0.0034 0.0098 
20       20  (50)      1 :  0.9810 0.0038 0.0152 
21       21  (42)      1 :  0.9916 0.0020 0.0064 
22       22  (78)      1 :  0.9904 0.0024 0.0072 
23       23  (57)      1 :  0.9882 0.0028 0.0090 
24       24  (50)      1 :  0.9946 0.0014 0.0040 
25       25  (57)      1 :  0.9922 0.0024 0.0054 
26       26  (71)      1 :  0.9714 0.0144 0.0142 
27       27  (64)      1 :  0.9694 0.0150 0.0156 
28       28  (71)      1 :  0.9694 0.0156 0.0150 
29       29  (64)      1 :  0.9540 0.0236 0.0224 
30       30  (57)      1 :  0.9760 0.0122 0.0118 
31       31  (57)      1 :  0.9712 0.0142 0.0146 
32       32  (35)      1 :  0.9868 0.0072 0.0060 
33       33  (42)      1 :  0.9894 0.0060 0.0046 
34       34  (78)      1 :  0.9790 0.0114 0.0096 
35       35  (35)      1 :  0.9766 0.0124 0.0110 
36       36  (42)      1 :  0.9720 0.0142 0.0138 
37       37  (64)      1 :  0.9646 0.0176 0.0178 
38       38  (64)      1 :  0.8948 0.0484 0.0568 
39       39  (57)      2 :  0.0038 0.9912 0.0050 
40       40  (85)      2 :  0.0062 0.9852 0.0086 
41       41  (50)      2 :  0.0042 0.9880 0.0078 
42       42  (71)      2 :  0.0044 0.9904 0.0052 
43       43  (92)      2 :  0.0080 0.9820 0.0100 
44       44  (57)      2 :  0.0046 0.9892 0.0062 
45       45  (78)      2 :  0.0052 0.9886 0.0062 
46       46  (92)      2 :  0.0082 0.9820 0.0098 
47       47  (57)      2 :  0.0040 0.9878 0.0082 
48       48  (57)      2 :  0.0038 0.9916 0.0046 
49       49  (64)      2 :  0.0040 0.9910 0.0050 
50       50  (57)      2 :  0.0042 0.9902 0.0056 
51       51  (71)      2 :  0.0054 0.9874 0.0072 
52       52  (50)      2 :  0.0094 0.9824 0.0082 
53       53  (57)      2 :  0.0086 0.9840 0.0074 
54       54  (64)      2 :  0.0096 0.9820 0.0084 
55       55  (64)      2 :  0.0114 0.9772 0.0114 
56       56  (64)      2 :  0.0094 0.9826 0.0080 
57       57  (50)      2 :  0.0122 0.9410 0.0468 
58       58  (57)      2 :  0.0132 0.9428 0.0440 
59       59  (50)      2 :  0.0118 0.9542 0.0340 
60       60  (42)      2 :  0.0110 0.9366 0.0524 
61       61  (78)      2 :  0.0166 0.9468 0.0366 
62       62  (57)      2 :  0.0252 0.8234 0.1514 
63       63  (71)      3 :  0.0142 0.0038 0.9820 
64       64  (42)      3 :  0.0022 0.0032 0.9946 
65       65  (50)      3 :  0.0022 0.0028 0.9950 
66       66  (28)      3 :  0.0024 0.0032 0.9944 
67       67  (92)      3 :  0.0046 0.0052 0.9902 
68       68  (64)      3 :  0.0028 0.0036 0.9936 
69       69  (21)      3 :  0.0022 0.0028 0.9950 
70       70  (42)      3 :  0.0024 0.0032 0.9944 
71       71  (71)      3 :  0.0028 0.0032 0.9940 
72       72  (50)      3 :  0.0022 0.0028 0.9950 
73       73  (57)      3 :  0.0028 0.0032 0.9940 
74       74  (42)      3 :  0.0024 0.0026 0.9950 
75       75  (57)      3 :  0.0024 0.0032 0.9944 
76       76  (35)      3 :  0.0022 0.0026 0.9952 
77       77  (57)      3 :  0.0024 0.0030 0.9946 
78       78  (57)      3 :  0.0028 0.0138 0.9834 
79       79  (57)      3 :  0.0024 0.0032 0.9944 
80       80  (71)      3 :  0.0030 0.0038 0.9932 
81       81  (64)      3 :  0.0028 0.0038 0.9934 
82       82  (42)      3 :  0.0022 0.0030 0.9948 
83       83  (28)      3 :  0.0022 0.0026 0.9952 
84       84  (57)      3 :  0.0024 0.0030 0.9946 
85       85  (42)      3 :  0.0024 0.0040 0.9936 
86       86  (28)      3 :  0.0022 0.0024 0.9954 
87       87  (57)      3 :  0.0028 0.0036 0.9936 
88       88  (42)      3 :  0.0024 0.0062 0.9914 
89       89  (92)      3 :  0.0046 0.0052 0.9902 
90       90  (42)      3 :  0.0022 0.0056 0.9922 
91       91  (71)      3 :  0.0032 0.0042 0.9926 
92       92  (42)      3 :  0.0634 0.0018 0.9348 
