 1        1  (78)      1 :  0.9810  0.0120  0.0070  
 2        2  (64)      1 :  0.9840  0.0100  0.0060  
 3        3  (64)      1 :  0.9770  0.0150  0.0080  
 4        4  (57)      1 :  0.9790  0.0130  0.0080  
 5        5  (78)      1 :  0.9810  0.0120  0.0070  
 6        6  (71)      1 :  0.9830  0.0110  0.0060  
 7        7  (57)      1 :  0.9860  0.0090  0.0050  
 8        8  (78)      1 :  0.9810  0.0120  0.0070  
 9        9  (50)      1 :  0.9860  0.0090  0.0050  
10       10  (50)      1 :  0.9830  0.0110  0.0060  
11       11  (50)      1 :  0.9820  0.0110  0.0070  
12       12  (50)      1 :  0.9930  0.0020  0.0050  
13       13  (35)      1 :  0.9960  0.0010  0.0030  
14       14  (57)      1 :  0.9920  0.0020  0.0060  
15       15  (71)      1 :  0.9810  0.0040  0.0150  
16       16  (71)      1 :  0.9930  0.0020  0.0050  
17       17  (50)      1 :  0.9930  0.0020  0.0050  
18       18  (50)      1 :  0.9900  0.0020  0.0080  
19       19  (85)      1 :  0.9870  0.0030  0.0100  
20       20  (50)      1 :  0.9820  0.0030  0.0150  
21       21  (42)      1 :  0.9930  0.0010  0.0060  
22       22  (78)      1 :  0.9910  0.0020  0.0070  
23       23  (57)      1 :  0.9900  0.0020  0.0080  
24       24  (50)      1 :  0.9950  0.0010  0.0040  
25       25  (57)      1 :  0.9930  0.0020  0.0050  
26       26  (71)      1 :  0.9550  0.0220  0.0230  
27       27  (64)      1 :  0.9530  0.0220  0.0250  
28       28  (71)      1 :  0.9530  0.0230  0.0240  
29       29  (64)      1 :  0.9540  0.0240  0.0220  
30       30  (57)      1 :  0.9790  0.0110  0.0100  
31       31  (57)      1 :  0.9740  0.0130  0.0130  
32       32  (35)      1 :  0.9850  0.0080  0.0070  
33       33  (42)      1 :  0.9880  0.0070  0.0050  
34       34  (78)      1 :  0.9750  0.0140  0.0110  
35       35  (35)      1 :  0.9690  0.0180  0.0130  
36       36  (42)      1 :  0.9640  0.0200  0.0160  
37       37  (64)      1 :  0.9550  0.0240  0.0210  
38       38  (64)      1 :  0.9120  0.0550  0.0330  
39       39  (57)      2 :  0.0060  0.9880  0.0060  
40       40  (85)      2 :  0.0090  0.9820  0.0090  
41       41  (50)      2 :  0.0070  0.9850  0.0080  
42       42  (71)      2 :  0.0070  0.9870  0.0060  
43       43  (92)      2 :  0.0100  0.9800  0.0100  
44       44  (57)      2 :  0.0070  0.9860  0.0070  
45       45  (78)      2 :  0.0080  0.9850  0.0070  
46       46  (92)      2 :  0.0100  0.9810  0.0090  
47       47  (57)      2 :  0.0060  0.9850  0.0090  
48       48  (57)      2 :  0.0060  0.9880  0.0060  
49       49  (64)      2 :  0.0060  0.9880  0.0060  
50       50  (57)      2 :  0.0070  0.9860  0.0070  
51       51  (71)      2 :  0.0080  0.9840  0.0080  
52       52  (50)      2 :  0.0110  0.9810  0.0080  
53       53  (57)      2 :  0.0110  0.9820  0.0070  
54       54  (64)      2 :  0.0120  0.9800  0.0080  
55       55  (64)      2 :  0.0140  0.9750  0.0110  
56       56  (64)      2 :  0.0110  0.9810  0.0080  
57       57  (50)      2 :  0.0130  0.9530  0.0340  
58       58  (57)      2 :  0.0140  0.9550  0.0310  
59       59  (50)      2 :  0.0120  0.9640  0.0240  
60       60  (42)      2 :  0.0120  0.9490  0.0390  
61       61  (78)      2 :  0.0170  0.9580  0.0250  
62       62  (57)      2 :  0.0200  0.8050  0.1750  
63       63  (71)      3 :  0.0150  0.0050  0.9800  
64       64  (42)      3 :  0.0030  0.0040  0.9930  
65       65  (50)      3 :  0.0030  0.0040  0.9930  
66       66  (28)      3 :  0.0030  0.0040  0.9930  
67       67  (92)      3 :  0.0050  0.0060  0.9890  
68       68  (64)      3 :  0.0040  0.0040  0.9920  
69       69  (21)      3 :  0.0030  0.0040  0.9930  
70       70  (42)      3 :  0.0030  0.0040  0.9930  
71       71  (71)      3 :  0.0040  0.0040  0.9920  
72       72  (50)      3 :  0.0030  0.0040  0.9930  
73       73  (57)      3 :  0.0040  0.0040  0.9920  
74       74  (42)      3 :  0.0030  0.0030  0.9940  
75       75  (57)      3 :  0.0030  0.0040  0.9930  
76       76  (35)      3 :  0.0030  0.0030  0.9940  
77       77  (57)      3 :  0.0030  0.0040  0.9930  
78       78  (57)      3 :  0.0040  0.0150  0.9810  
79       79  (57)      3 :  0.0030  0.0040  0.9930  
80       80  (71)      3 :  0.0040  0.0050  0.9910  
81       81  (64)      3 :  0.0040  0.0050  0.9910  
82       82  (42)      3 :  0.0030  0.0040  0.9930  
83       83  (28)      3 :  0.0030  0.0030  0.9940  
84       84  (57)      3 :  0.0030  0.0040  0.9930  
85       85  (42)      3 :  0.0030  0.0050  0.9920  
86       86  (28)      3 :  0.0030  0.0030  0.9940  
87       87  (57)      3 :  0.0040  0.0040  0.9920  
88       88  (42)      3 :  0.0030  0.0070  0.9900  
89       89  (92)      3 :  0.0050  0.0060  0.9890  
90       90  (42)      3 :  0.0030  0.0070  0.9900  
91       91  (71)      3 :  0.0040  0.0050  0.9910  
92       92  (42)      3 :  0.0460  0.0020  0.9520  

 1        1  (78)      1 :  0.9850  0.0090  0.0060  
 2        2  (64)      1 :  0.9870  0.0080  0.0050  
 3        3  (64)      1 :  0.9820  0.0110  0.0070  
 4        4  (57)      1 :  0.9820  0.0110  0.0070  
 5        5  (78)      1 :  0.9850  0.0090  0.0060  
 6        6  (71)      1 :  0.9870  0.0080  0.0050  
 7        7  (57)      1 :  0.9880  0.0070  0.0050  
 8        8  (78)      1 :  0.9850  0.0090  0.0060  
 9        9  (50)      1 :  0.9880  0.0070  0.0050  
10       10  (50)      1 :  0.9860  0.0080  0.0060  
11       11  (50)      1 :  0.9860  0.0080  0.0060  
12       12  (50)      1 :  0.9940  0.0020  0.0040  
13       13  (35)      1 :  0.9960  0.0010  0.0030  
14       14  (57)      1 :  0.9930  0.0020  0.0050  
15       15  (71)      1 :  0.9830  0.0050  0.0120  
16       16  (71)      1 :  0.9930  0.0020  0.0050  
17       17  (50)      1 :  0.9940  0.0020  0.0040  
18       18  (50)      1 :  0.9910  0.0020  0.0070  
19       19  (85)      1 :  0.9880  0.0030  0.0090  
20       20  (50)      1 :  0.9830  0.0030  0.0140  
21       21  (42)      1 :  0.9930  0.0020  0.0050  
22       22  (78)      1 :  0.9920  0.0020  0.0060  
23       23  (57)      1 :  0.9880  0.0030  0.0090  
24       24  (50)      1 :  0.9960  0.0010  0.0030  
25       25  (57)      1 :  0.9930  0.0020  0.0050  
26       26  (71)      1 :  0.9810  0.0100  0.0090  
27       27  (64)      1 :  0.9780  0.0110  0.0110  
28       28  (71)      1 :  0.9780  0.0110  0.0110  
29       29  (64)      1 :  0.9550  0.0290  0.0160  
30       30  (57)      1 :  0.9690  0.0200  0.0110  
31       31  (57)      1 :  0.9660  0.0220  0.0120  
32       32  (35)      1 :  0.9850  0.0080  0.0070  
33       33  (42)      1 :  0.9870  0.0070  0.0060  
34       34  (78)      1 :  0.9760  0.0130  0.0110  
35       35  (35)      1 :  0.9820  0.0100  0.0080  
36       36  (42)      1 :  0.9780  0.0110  0.0110  
37       37  (64)      1 :  0.9710  0.0140  0.0150  
38       38  (64)      1 :  0.9081  0.0410  0.0509  
39       39  (57)      2 :  0.0030  0.9920  0.0050  
40       40  (85)      2 :  0.0030  0.9900  0.0070  
41       41  (50)      2 :  0.0030  0.9900  0.0070  
42       42  (71)      2 :  0.0030  0.9920  0.0050  
43       43  (92)      2 :  0.0040  0.9890  0.0070  
44       44  (57)      2 :  0.0030  0.9910  0.0060  
45       45  (78)      2 :  0.0030  0.9910  0.0060  
46       46  (92)      2 :  0.0040  0.9890  0.0070  
47       47  (57)      2 :  0.0030  0.9900  0.0070  
48       48  (57)      2 :  0.0030  0.9920  0.0050  
49       49  (64)      2 :  0.0030  0.9920  0.0050  
50       50  (57)      2 :  0.0030  0.9920  0.0050  
51       51  (71)      2 :  0.0030  0.9910  0.0060  
52       52  (50)      2 :  0.0100  0.9850  0.0050  
53       53  (57)      2 :  0.0090  0.9870  0.0040  
54       54  (64)      2 :  0.0100  0.9850  0.0050  
55       55  (64)      2 :  0.0120  0.9800  0.0080  
56       56  (64)      2 :  0.0100  0.9850  0.0050  
57       57  (50)      2 :  0.0220  0.9150  0.0630  
58       58  (57)      2 :  0.0230  0.9170  0.0600  
59       59  (50)      2 :  0.0210  0.9280  0.0510  
60       60  (42)      2 :  0.0200  0.9130  0.0670  
61       61  (78)      2 :  0.0270  0.9191  0.0539  
62       62  (57)      2 :  0.0400  0.8840  0.0760  
63       63  (71)      3 :  0.0120  0.0020  0.9860  
64       64  (42)      3 :  0.0010  0.0020  0.9970  
65       65  (50)      3 :  0.0010  0.0010  0.9980  
66       66  (28)      3 :  0.0010  0.0020  0.9970  
67       67  (92)      3 :  0.0030  0.0040  0.9930  
68       68  (64)      3 :  0.0010  0.0020  0.9970  
69       69  (21)      3 :  0.0010  0.0010  0.9980  
70       70  (42)      3 :  0.0010  0.0020  0.9970  
71       71  (71)      3 :  0.0010  0.0020  0.9970  
72       72  (50)      3 :  0.0010  0.0010  0.9980  
73       73  (57)      3 :  0.0010  0.0020  0.9970  
74       74  (42)      3 :  0.0010  0.0010  0.9980  
75       75  (57)      3 :  0.0010  0.0020  0.9970  
76       76  (35)      3 :  0.0010  0.0010  0.9980  
77       77  (57)      3 :  0.0010  0.0010  0.9980  
78       78  (57)      3 :  0.0010  0.0120  0.9870  
79       79  (57)      3 :  0.0010  0.0020  0.9970  
80       80  (71)      3 :  0.0020  0.0020  0.9960  
81       81  (64)      3 :  0.0010  0.0020  0.9970  
82       82  (42)      3 :  0.0010  0.0010  0.9980  
83       83  (28)      3 :  0.0010  0.0010  0.9980  
84       84  (57)      3 :  0.0010  0.0010  0.9980  
85       85  (42)      3 :  0.0010  0.0020  0.9970  
86       86  (28)      3 :  0.0010  0.0010  0.9980  
87       87  (57)      3 :  0.0010  0.0020  0.9970  
88       88  (42)      3 :  0.0010  0.0040  0.9950  
89       89  (92)      3 :  0.0030  0.0040  0.9930  
90       90  (42)      3 :  0.0010  0.0040  0.9950  
91       91  (71)      3 :  0.0020  0.0030  0.9950  
92       92  (42)      3 :  0.0490  0.0020  0.9490  

 1        1  (78)      1 :  0.9870  0.0080  0.0050  
 2        2  (64)      1 :  0.9900  0.0060  0.0040  
 3        3  (64)      1 :  0.9810  0.0120  0.0070  
 4        4  (57)      1 :  0.9820  0.0110  0.0070  
 5        5  (78)      1 :  0.9870  0.0080  0.0050  
 6        6  (71)      1 :  0.9880  0.0070  0.0050  
 7        7  (57)      1 :  0.9910  0.0050  0.0040  
 8        8  (78)      1 :  0.9860  0.0080  0.0060  
 9        9  (50)      1 :  0.9910  0.0050  0.0040  
10       10  (50)      1 :  0.9880  0.0070  0.0050  
11       11  (50)      1 :  0.9880  0.0070  0.0050  
12       12  (50)      1 :  0.9900  0.0020  0.0080  
13       13  (35)      1 :  0.9920  0.0020  0.0060  
14       14  (57)      1 :  0.9880  0.0030  0.0090  
15       15  (71)      1 :  0.9740  0.0050  0.0210  
16       16  (71)      1 :  0.9880  0.0030  0.0090  
17       17  (50)      1 :  0.9900  0.0020  0.0080  
18       18  (50)      1 :  0.9840  0.0030  0.0130  
19       19  (85)      1 :  0.9810  0.0040  0.0150  
20       20  (50)      1 :  0.9710  0.0050  0.0240  
21       21  (42)      1 :  0.9870  0.0020  0.0110  
22       22  (78)      1 :  0.9860  0.0030  0.0110  
23       23  (57)      1 :  0.9820  0.0040  0.0140  
24       24  (50)      1 :  0.9910  0.0020  0.0070  
25       25  (57)      1 :  0.9880  0.0030  0.0090  
26       26  (71)      1 :  0.9690  0.0120  0.0190  
27       27  (64)      1 :  0.9670  0.0120  0.0210  
28       28  (71)      1 :  0.9670  0.0130  0.0200  
29       29  (64)      1 :  0.9430  0.0210  0.0360  
30       30  (57)      1 :  0.9640  0.0130  0.0230  
31       31  (57)      1 :  0.9580  0.0150  0.0270  
32       32  (35)      1 :  0.9860  0.0070  0.0070  
33       33  (42)      1 :  0.9890  0.0060  0.0050  
34       34  (78)      1 :  0.9780  0.0110  0.0110  
35       35  (35)      1 :  0.9730  0.0110  0.0160  
36       36  (42)      1 :  0.9690  0.0120  0.0190  
37       37  (64)      1 :  0.9640  0.0140  0.0220  
38       38  (64)      1 :  0.9000  0.0810  0.0190  
39       39  (57)      2 :  0.0030  0.9920  0.0050  
40       40  (85)      2 :  0.0070  0.9830  0.0100  
41       41  (50)      2 :  0.0040  0.9860  0.0100  
42       42  (71)      2 :  0.0040  0.9910  0.0050  
43       43  (92)      2 :  0.0090  0.9780  0.0130  
44       44  (57)      2 :  0.0040  0.9890  0.0070  
45       45  (78)      2 :  0.0050  0.9880  0.0070  
46       46  (92)      2 :  0.0100  0.9770  0.0130  
47       47  (57)      2 :  0.0040  0.9870  0.0090  
48       48  (57)      2 :  0.0030  0.9930  0.0040  
49       49  (64)      2 :  0.0040  0.9910  0.0050  
50       50  (57)      2 :  0.0040  0.9900  0.0060  
51       51  (71)      2 :  0.0050  0.9870  0.0080  
52       52  (50)      2 :  0.0070  0.9880  0.0050  
53       53  (57)      2 :  0.0060  0.9900  0.0040  
54       54  (64)      2 :  0.0070  0.9880  0.0050  
55       55  (64)      2 :  0.0090  0.9830  0.0080  
56       56  (64)      2 :  0.0070  0.9880  0.0050  
57       57  (50)      2 :  0.0110  0.9550  0.0340  
58       58  (57)      2 :  0.0120  0.9560  0.0320  
59       59  (50)      2 :  0.0110  0.9660  0.0230  
60       60  (42)      2 :  0.0100  0.9510  0.0390  
61       61  (78)      2 :  0.0160  0.9580  0.0260  
62       62  (57)      2 :  0.0260  0.7890  0.1850  
63       63  (71)      3 :  0.0240  0.0040  0.9720  
64       64  (42)      3 :  0.0020  0.0030  0.9950  
65       65  (50)      3 :  0.0020  0.0020  0.9960  
66       66  (28)      3 :  0.0020  0.0030  0.9950  
67       67  (92)      3 :  0.0070  0.0070  0.9860  
68       68  (64)      3 :  0.0030  0.0040  0.9930  
69       69  (21)      3 :  0.0020  0.0020  0.9960  
70       70  (42)      3 :  0.0020  0.0030  0.9950  
71       71  (71)      3 :  0.0030  0.0030  0.9940  
72       72  (50)      3 :  0.0020  0.0020  0.9960  
73       73  (57)      3 :  0.0030  0.0030  0.9940  
74       74  (42)      3 :  0.0020  0.0020  0.9960  
75       75  (57)      3 :  0.0020  0.0030  0.9950  
76       76  (35)      3 :  0.0020  0.0020  0.9960  
77       77  (57)      3 :  0.0020  0.0030  0.9950  
78       78  (57)      3 :  0.0030  0.0220  0.9750  
79       79  (57)      3 :  0.0020  0.0030  0.9950  
80       80  (71)      3 :  0.0030  0.0040  0.9930  
81       81  (64)      3 :  0.0030  0.0040  0.9930  
82       82  (42)      3 :  0.0020  0.0030  0.9950  
83       83  (28)      3 :  0.0020  0.0020  0.9960  
84       84  (57)      3 :  0.0020  0.0030  0.9950  
85       85  (42)      3 :  0.0020  0.0040  0.9940  
86       86  (28)      3 :  0.0020  0.0020  0.9960  
87       87  (57)      3 :  0.0030  0.0040  0.9930  
88       88  (42)      3 :  0.0020  0.0080  0.9900  
89       89  (92)      3 :  0.0070  0.0070  0.9860  
90       90  (42)      3 :  0.0020  0.0070  0.9910  
91       91  (71)      3 :  0.0030  0.0050  0.9920  
92       92  (42)      3 :  0.0990  0.0020  0.8990  

 1        1  (78)      1 :  0.9930  0.0030  0.0040  
 2        2  (64)      1 :  0.9950  0.0020  0.0030  
 3        3  (64)      1 :  0.9880  0.0050  0.0070  
 4        4  (57)      1 :  0.9910  0.0040  0.0050  
 5        5  (78)      1 :  0.9930  0.0030  0.0040  
 6        6  (71)      1 :  0.9940  0.0020  0.0040  
 7        7  (57)      1 :  0.9950  0.0020  0.0030  
 8        8  (78)      1 :  0.9920  0.0030  0.0050  
 9        9  (50)      1 :  0.9950  0.0020  0.0030  
10       10  (50)      1 :  0.9940  0.0020  0.0040  
11       11  (50)      1 :  0.9930  0.0030  0.0040  
12       12  (50)      1 :  0.9920  0.0020  0.0060  
13       13  (35)      1 :  0.9940  0.0020  0.0040  
14       14  (57)      1 :  0.9920  0.0020  0.0060  
15       15  (71)      1 :  0.9790  0.0050  0.0160  
16       16  (71)      1 :  0.9920  0.0020  0.0060  
17       17  (50)      1 :  0.9930  0.0020  0.0050  
18       18  (50)      1 :  0.9880  0.0030  0.0090  
19       19  (85)      1 :  0.9850  0.0040  0.0110  
20       20  (50)      1 :  0.9780  0.0050  0.0170  
21       21  (42)      1 :  0.9900  0.0030  0.0070  
22       22  (78)      1 :  0.9880  0.0030  0.0090  
23       23  (57)      1 :  0.9860  0.0030  0.0110  
24       24  (50)      1 :  0.9930  0.0020  0.0050  
25       25  (57)      1 :  0.9910  0.0030  0.0060  
26       26  (71)      1 :  0.9800  0.0090  0.0110  
27       27  (64)      1 :  0.9780  0.0100  0.0120  
28       28  (71)      1 :  0.9790  0.0100  0.0110  
29       29  (64)      1 :  0.9730  0.0130  0.0140  
30       30  (57)      1 :  0.9900  0.0050  0.0050  
31       31  (57)      1 :  0.9870  0.0060  0.0070  
32       32  (35)      1 :  0.9970  0.0010  0.0020  
33       33  (42)      1 :  0.9980  0.0010  0.0010  
34       34  (78)      1 :  0.9950  0.0010  0.0040  
35       35  (35)      1 :  0.9850  0.0080  0.0070  
36       36  (42)      1 :  0.9800  0.0100  0.0100  
37       37  (64)      1 :  0.9720  0.0140  0.0140  
38       38  (64)      1 :  0.9580  0.0230  0.0190  
39       39  (57)      2 :  0.0040  0.9920  0.0040  
40       40  (85)      2 :  0.0070  0.9850  0.0080  
41       41  (50)      2 :  0.0040  0.9890  0.0070  
42       42  (71)      2 :  0.0040  0.9910  0.0050  
43       43  (92)      2 :  0.0100  0.9800  0.0100  
44       44  (57)      2 :  0.0050  0.9900  0.0050  
45       45  (78)      2 :  0.0060  0.9890  0.0050  
46       46  (92)      2 :  0.0100  0.9800  0.0100  
47       47  (57)      2 :  0.0040  0.9880  0.0080  
48       48  (57)      2 :  0.0040  0.9920  0.0040  
49       49  (64)      2 :  0.0040  0.9920  0.0040  
50       50  (57)      2 :  0.0040  0.9910  0.0050  
51       51  (71)      2 :  0.0060  0.9870  0.0070  
52       52  (50)      2 :  0.0070  0.9870  0.0060  
53       53  (57)      2 :  0.0060  0.9880  0.0060  
54       54  (64)      2 :  0.0070  0.9860  0.0070  
55       55  (64)      2 :  0.0090  0.9810  0.0100  
56       56  (64)      2 :  0.0070  0.9870  0.0060  
57       57  (50)      2 :  0.0070  0.9249  0.0681  
58       58  (57)      2 :  0.0080  0.9290  0.0630  
59       59  (50)      2 :  0.0070  0.9441  0.0490  
60       60  (42)      2 :  0.0060  0.9190  0.0750  
61       61  (78)      2 :  0.0100  0.9379  0.0521  
62       62  (57)      2 :  0.0200  0.7880  0.1920  
63       63  (71)      3 :  0.0090  0.0050  0.9860  
64       64  (42)      3 :  0.0030  0.0040  0.9930  
65       65  (50)      3 :  0.0030  0.0040  0.9930  
66       66  (28)      3 :  0.0030  0.0040  0.9930  
67       67  (92)      3 :  0.0040  0.0050  0.9910  
68       68  (64)      3 :  0.0030  0.0050  0.9920  
69       69  (21)      3 :  0.0030  0.0040  0.9930  
70       70  (42)      3 :  0.0030  0.0040  0.9930  
71       71  (71)      3 :  0.0030  0.0040  0.9930  
72       72  (50)      3 :  0.0030  0.0040  0.9930  
73       73  (57)      3 :  0.0030  0.0040  0.9930  
74       74  (42)      3 :  0.0030  0.0040  0.9930  
75       75  (57)      3 :  0.0030  0.0040  0.9930  
76       76  (35)      3 :  0.0030  0.0040  0.9930  
77       77  (57)      3 :  0.0030  0.0040  0.9930  
78       78  (57)      3 :  0.0030  0.0110  0.9860  
79       79  (57)      3 :  0.0030  0.0040  0.9930  
80       80  (71)      3 :  0.0030  0.0050  0.9920  
81       81  (64)      3 :  0.0030  0.0050  0.9920  
82       82  (42)      3 :  0.0030  0.0040  0.9930  
83       83  (28)      3 :  0.0030  0.0040  0.9930  
84       84  (57)      3 :  0.0030  0.0040  0.9930  
85       85  (42)      3 :  0.0030  0.0050  0.9920  
86       86  (28)      3 :  0.0030  0.0040  0.9930  
87       87  (57)      3 :  0.0030  0.0050  0.9920  
88       88  (42)      3 :  0.0030  0.0070  0.9900  
89       89  (92)      3 :  0.0040  0.0050  0.9910  
90       90  (42)      3 :  0.0030  0.0060  0.9910  
91       91  (71)      3 :  0.0030  0.0050  0.9920  
92       92  (42)      3 :  0.0670  0.0020  0.9310  

 1        1  (78)      1 :  0.9860  0.0070  0.0070  
 2        2  (64)      1 :  0.9900  0.0050  0.0050  
 3        3  (64)      1 :  0.9790  0.0110  0.0100  
 4        4  (57)      1 :  0.9810  0.0100  0.0090  
 5        5  (78)      1 :  0.9860  0.0070  0.0070  
 6        6  (71)      1 :  0.9880  0.0060  0.0060  
 7        7  (57)      1 :  0.9920  0.0040  0.0040  
 8        8  (78)      1 :  0.9850  0.0070  0.0080  
 9        9  (50)      1 :  0.9910  0.0040  0.0050  
10       10  (50)      1 :  0.9860  0.0070  0.0070  
11       11  (50)      1 :  0.9870  0.0060  0.0070  
12       12  (50)      1 :  0.9960  0.0020  0.0020  
13       13  (35)      1 :  0.9980  0.0010  0.0010  
14       14  (57)      1 :  0.9960  0.0020  0.0020  
15       15  (71)      1 :  0.9910  0.0040  0.0050  
16       16  (71)      1 :  0.9960  0.0020  0.0020  
17       17  (50)      1 :  0.9970  0.0010  0.0020  
18       18  (50)      1 :  0.9950  0.0020  0.0030  
19       19  (85)      1 :  0.9930  0.0030  0.0040  
20       20  (50)      1 :  0.9910  0.0030  0.0060  
21       21  (42)      1 :  0.9950  0.0020  0.0030  
22       22  (78)      1 :  0.9950  0.0020  0.0030  
23       23  (57)      1 :  0.9950  0.0020  0.0030  
24       24  (50)      1 :  0.9980  0.0010  0.0010  
25       25  (57)      1 :  0.9960  0.0020  0.0020  
26       26  (71)      1 :  0.9720  0.0190  0.0090  
27       27  (64)      1 :  0.9710  0.0200  0.0090  
28       28  (71)      1 :  0.9700  0.0210  0.0090  
29       29  (64)      1 :  0.9450  0.0310  0.0240  
30       30  (57)      1 :  0.9780  0.0120  0.0100  
31       31  (57)      1 :  0.9710  0.0150  0.0140  
32       32  (35)      1 :  0.9810  0.0120  0.0070  
33       33  (42)      1 :  0.9850  0.0090  0.0060  
34       34  (78)      1 :  0.9710  0.0180  0.0110  
35       35  (35)      1 :  0.9740  0.0150  0.0110  
36       36  (42)      1 :  0.9690  0.0180  0.0130  
37       37  (64)      1 :  0.9610  0.0220  0.0170  
38       38  (64)      1 :  0.7960  0.0420  0.1620  
39       39  (57)      2 :  0.0030  0.9920  0.0050  
40       40  (85)      2 :  0.0050  0.9860  0.0090  
41       41  (50)      2 :  0.0030  0.9900  0.0070  
42       42  (71)      2 :  0.0040  0.9910  0.0050  
43       43  (92)      2 :  0.0070  0.9830  0.0100  
44       44  (57)      2 :  0.0040  0.9900  0.0060  
45       45  (78)      2 :  0.0040  0.9900  0.0060  
46       46  (92)      2 :  0.0070  0.9830  0.0100  
47       47  (57)      2 :  0.0030  0.9890  0.0080  
48       48  (57)      2 :  0.0030  0.9930  0.0040  
49       49  (64)      2 :  0.0030  0.9920  0.0050  
50       50  (57)      2 :  0.0030  0.9920  0.0050  
51       51  (71)      2 :  0.0050  0.9880  0.0070  
52       52  (50)      2 :  0.0120  0.9710  0.0170  
53       53  (57)      2 :  0.0110  0.9730  0.0160  
54       54  (64)      2 :  0.0120  0.9710  0.0170  
55       55  (64)      2 :  0.0130  0.9670  0.0200  
56       56  (64)      2 :  0.0120  0.9720  0.0160  
57       57  (50)      2 :  0.0080  0.9570  0.0350  
58       58  (57)      2 :  0.0090  0.9570  0.0340  
59       59  (50)      2 :  0.0080  0.9690  0.0230  
60       60  (42)      2 :  0.0070  0.9510  0.0420  
61       61  (78)      2 :  0.0130  0.9610  0.0260  
62       62  (57)      2 :  0.0200  0.8510  0.1290  
63       63  (71)      3 :  0.0110  0.0030  0.9860  
64       64  (42)      3 :  0.0020  0.0030  0.9950  
65       65  (50)      3 :  0.0020  0.0030  0.9950  
66       66  (28)      3 :  0.0030  0.0030  0.9940  
67       67  (92)      3 :  0.0040  0.0040  0.9920  
68       68  (64)      3 :  0.0030  0.0030  0.9940  
69       69  (21)      3 :  0.0020  0.0030  0.9950  
70       70  (42)      3 :  0.0030  0.0030  0.9940  
71       71  (71)      3 :  0.0030  0.0030  0.9940  
72       72  (50)      3 :  0.0020  0.0030  0.9950  
73       73  (57)      3 :  0.0030  0.0030  0.9940  
74       74  (42)      3 :  0.0030  0.0030  0.9940  
75       75  (57)      3 :  0.0030  0.0030  0.9940  
76       76  (35)      3 :  0.0020  0.0030  0.9950  
77       77  (57)      3 :  0.0030  0.0030  0.9940  
78       78  (57)      3 :  0.0030  0.0090  0.9880  
79       79  (57)      3 :  0.0030  0.0030  0.9940  
80       80  (71)      3 :  0.0030  0.0030  0.9940  
81       81  (64)      3 :  0.0030  0.0030  0.9940  
82       82  (42)      3 :  0.0020  0.0030  0.9950  
83       83  (28)      3 :  0.0020  0.0030  0.9950  
84       84  (57)      3 :  0.0030  0.0030  0.9940  
85       85  (42)      3 :  0.0030  0.0040  0.9930  
86       86  (28)      3 :  0.0020  0.0020  0.9960  
87       87  (57)      3 :  0.0030  0.0030  0.9940  
88       88  (42)      3 :  0.0030  0.0050  0.9920  
89       89  (92)      3 :  0.0040  0.0040  0.9920  
90       90  (42)      3 :  0.0020  0.0040  0.9940  
91       91  (71)      3 :  0.0040  0.0030  0.9930  
92       92  (42)      3 :  0.0560  0.0010  0.9430  

